[gd_scene load_steps=8 format=2]

[ext_resource path="res://World/Stone2.tscn" type="PackedScene" id=1]
[ext_resource path="res://World/Stone.tscn" type="PackedScene" id=2]
[ext_resource path="res://World/dome.glb" type="PackedScene" id=3]
[ext_resource path="res://Materials/Energy Field.tres" type="Material" id=4]
[ext_resource path="res://World/napf.glb" type="PackedScene" id=5]
[ext_resource path="res://Materials/Plastic.tres" type="Material" id=6]

[sub_resource type="SphereShape" id=1]
radius = 10.3504

[node name="Dome" type="StaticBody"]

[node name="dome" parent="." instance=ExtResource( 3 )]

[node name="Energyfield" parent="dome" index="0"]
transform = Transform( 1, 0, 0, 0, 1, 0, 0, 0, 1, 0.00191243, 1.31946, -0.00976563 )
material/0 = ExtResource( 4 )

[node name="CollisionShape" type="CollisionShape" parent="."]
transform = Transform( 1, 0, 0, 0, 1, 0, 0, 0, 1, 0, 1.10333, 0 )
shape = SubResource( 1 )

[node name="Stones" type="Spatial" parent="."]
transform = Transform( -0.135162, 0.990823, 0, -0.990823, -0.135162, 0, 0, 0, 1, -6.15344, 0, 6.99487 )

[node name="Stone" parent="Stones" instance=ExtResource( 1 )]

[node name="Stone2" parent="Stones" instance=ExtResource( 1 )]
transform = Transform( 0.984276, 0.11527, -0.133845, 0.11527, 0.155001, 0.981167, 0.133845, -0.981167, 0.139277, -2.10287, 13.88, -0.80957 )

[node name="Stone3" parent="Stones" instance=ExtResource( 1 )]
transform = Transform( 0.129247, -0.991604, 0.00415123, -0.00136818, 0.0040082, 0.999992, -0.991612, -0.129252, -0.000838609, -0.521149, -3.89832, -6.99756 )

[node name="Stone4" parent="Stones" instance=ExtResource( 2 )]
transform = Transform( -0.135162, -0.990824, 8.70356e-09, 0.990824, -0.135162, -9.27595e-10, 5.82077e-10, -1.3446e-08, 1, -1.74211, 12.7708, 3.27148 )

[node name="Stone5" parent="Stones" instance=ExtResource( 2 )]
transform = Transform( -0.000183985, -0.990824, 0.135162, 0.00134884, -0.135162, -0.990823, 0.999999, 4.46851e-08, 0.00136132, 0.546061, -4.00296, -0.186279 )

[node name="napf" parent="." instance=ExtResource( 5 )]
transform = Transform( 1, 0, 0, 0, 1, 0, 0, 0, 1, -5.0321, 0, 3.66113 )

[node name="Napf" parent="napf" index="0"]
material/0 = ExtResource( 6 )

[editable path="dome"]

[editable path="napf"]
